0 4808
1 7187
2 8359
3 8826
4 8434
5 8063
6 7735
7 7174
8 6620
9 6119
10 5791
11 5266
12 5060
13 4752
14 4236
15 3982
16 3721
17 3421
18 3198
19 2974
20 2707
21 2608
22 2503
23 2185
24 2074
25 1856
26 1789
27 1738
28 1621
29 1491
30 1422
31 1320
32 1270
33 1158
34 1096
35 998
36 926
37 849
38 868
39 779
40 763
41 722
42 682
43 620
44 620
45 554
46 505
47 540
48 438
49 393
50 409
51 384
52 361
53 331
54 334
55 302
56 280
57 249
58 239
59 228
60 234
61 214
62 185
63 174
64 163
65 153
66 157
67 130
68 138
69 148
70 125
71 139
72 104
73 108
74 84
75 95
76 86
77 93
78 89
79 83
80 72
81 64
82 67
83 48
84 66
85 47
86 58
87 45
88 38
89 52
90 44
91 33
92 26
93 40
94 38
95 36
96 23
97 28
98 25
99 28
100 18
101 19
102 16
103 22
104 18
105 23
106 14
107 27
108 10
109 18
110 14
111 17
112 8
113 18
114 13
115 17
116 11
117 8
118 16
119 9
120 9
121 4
122 3
123 4
124 3
125 7
126 5
127 5
128 3
129 3
130 9
131 10
132 5
133 2
134 3
135 2
136 7
137 3
138 2
139 2
140 1
141 4
142 3
143 4
144 2
145 1
146 3
147 3
148 2
149 1
150 1
151 2
152 3
153 0
154 0
155 2
156 1
157 2
158 3
159 4
160 2
161 2
162 2
163 1
164 2
165 2
166 0
167 2
168 1
169 1
170 0
171 0
172 1
173 1
174 0
175 1
176 0
177 0
178 1
179 0
180 1
181 0
182 0
183 1
184 0
185 0
186 0
187 1
188 0
189 0
190 2
191 2
192 1
193 0
194 0
195 0
196 0
197 0
198 0
199 0
200 0
201 0
202 0
203 0
204 1
205 0
206 0
207 1
208 0
209 1
210 0
211 0
212 0
213 0
214 0
215 0
216 0
217 0
218 0
219 0
220 0
221 0
222 1
223 0
224 0
225 0
226 0
227 0
228 0
229 0
230 0
231 0
232 0
233 0
234 0
235 0
236 0
237 1
238 0
239 0
240 0
241 0
242 0
243 0
244 0
245 0
246 0
247 0
248 0
249 0
250 1
251 0
252 0
253 0
254 0
255 0
256 0
257 0
258 0
259 0
260 0
261 0
262 0
263 0
264 0
265 0
266 0
267 0
268 0
269 0
270 0
271 0
272 0
273 0
274 0
275 0
276 0
277 0
278 0
279 0
280 0
281 0
282 0
283 0
284 0
285 0
286 0
287 0
288 0
289 0
290 0
291 0
292 0
293 0
294 0
295 0
296 0
297 0
298 0
299 0
